 92250.02m         250           0   20160812
 sigT= 2, sigF= 0, sigC= 0.1, sigS0= 1.9, nu= 0, uBar= 0




       11    92250        0        0        1        0        0        0
        0        1        0        1        0        0        0        0
        1        3        4        5        6        7        0        0
        0        0        0        0        8        0        0       10
       11        0        0        0        0        0        0        0
        0        0        0        0        0        0        0        0
  5.000000000000e+01  1.000000000000e+02  2.000000000000e+00  0.000000000000e+00
  0.000000000000e+00  1.000000000000e+00  1.000000000000e-01  9.000000000000e+00
  1.900000000000e+00  0.000000000000e+00  0.000000000000e+00                    