 92250.01m         250           0   20160812
 sigT= 1, sigF= 0.1, sigC= 0.06, sigS0= 0.84, nu= 2.4, uBar= 0




       11    92250        0        0        1        0        0        0
        0        1        0        1        0        0        0        0
        1        3        4        5        6        7        0        0
        0        0        0        0        8        0        0       10
       11        0        0        0        0        0        0        0
        0        0        0        0        0        0        0        0
  5.000000000000e+01  1.000000000000e+02  1.000000000000e+00  1.000000000000e-01
  2.400000000000e+00  1.000000000000e+00  6.000000000000e-02  9.000000000000e+00
  8.400000000000e-01  0.000000000000e+00  0.000000000000e+00                    